1 0.0408654 0.34976 0.0673077 0.0649038
1 0.84375 0.394231 0.0673077 0.144231
1 0.786058 0.739183 0.0673077 0.122596
1 0.388221 0.5 0.0745192 0.115385
1 0.355769 0.969952 0.0769231 0.0552885
0 0.969952 0.34976 0.0360577 0.0504808
1 0.0336538 0.591346 0.0625 0.129808
1 0.257212 0.9375 0.0721154 0.0865385
1 0.709135 0.758413 0.0865385 0.141827
0 0.908654 0.799279 0.0480769 0.0697115
1 0.174279 0.448317 0.0793269 0.117788
1 0.356971 0.399038 0.0889423 0.139423
0 0.581731 0.939904 0.0336538 0.0432692
1 0.207933 0.691106 0.0793269 0.137019
1 0.112981 0.581731 0.0817308 0.125
0 0.83774 0.830529 0.0408654 0.0504808
1 0.377404 0.241587 0.0913462 0.151442
0 0.205529 0.302885 0.0408654 0.0480769
1 0.717548 0.211538 0.127404 0.1875
2 0.432692 0.685096 0.216346 0.322115
2 0.0985577 0.205529 0.192308 0.233173
