0 0.610577 0.174279 0.0384615 0.0649038
1 0.913462 0.894231 0.0817308 0.110577
1 0.764423 0.566106 0.0625 0.0985577
1 0.127404 0.948317 0.0673077 0.103365
0 0.733173 0.215144 0.0336538 0.0456731
1 0.675481 0.200721 0.0913462 0.122596
1 0.758413 0.467548 0.09375 0.122596
1 0.801683 0.920673 0.0793269 0.120192
0 0.688702 0.286058 0.0408654 0.0432692
1 0.430288 0.746394 0.0721154 0.127404
1 0.0817308 0.433894 0.0673077 0.137019
1 0.954327 0.455529 0.0673077 0.09375
1 0.717548 0.954327 0.0793269 0.0913462
1 0.969952 0.0432692 0.0504808 0.0865385
1 0.847356 0.554087 0.0745192 0.137019
0 0.248798 0.284856 0.0552885 0.0600962
1 0.514423 0.487981 0.0961538 0.129808
1 0.524038 0.0949519 0.105769 0.137019
0 0.586538 0.813702 0.0336538 0.0360577
1 0.28726 0.153846 0.09375 0.134615
1 0.871394 0.409856 0.0649038 0.132212
1 0.0973558 0.574519 0.0697115 0.120192
1 0.80649 0.191106 0.09375 0.146635
2 0.764423 0.741587 0.163462 0.233173
