1 0.477163 0.0588942 0.0985577 0.112981
1 0.68149 0.957933 0.0793269 0.0841346
1 0.858173 0.03125 0.125 0.0625
1 0.783654 0.954327 0.0769231 0.0913462
1 0.0300481 0.441106 0.0552885 0.180288
1 0.963942 0.397837 0.0528846 0.122596
0 0.834135 0.451923 0.0336538 0.0576923
0 0.293269 0.908654 0.0769231 0.0961538
1 0.59375 0.94351 0.0721154 0.103365
1 0.394231 0.623798 0.0673077 0.112981
2 0.299279 0.903846 0.0841346 0.115385
0 0.163462 0.461538 0.0432692 0.0576923
1 0.694712 0.237981 0.149038 0.206731
2 0.489183 0.862981 0.165865 0.245192
