1 0.548077 0.0288462 0.0961538 0.0528846
0 0.981971 0.144231 0.0360577 0.0480769
1 0.0252404 0.188702 0.0504808 0.127404
1 0.669471 0.925481 0.0697115 0.125
1 0.52524 0.503606 0.0793269 0.112981
0 0.491587 0.126202 0.03125 0.0408654
1 0.0420673 0.790865 0.0793269 0.158654
0 0.411058 0.171875 0.0384615 0.0456731
1 0.0252404 0.973558 0.0504808 0.0528846
1 0.557692 0.814904 0.0817308 0.120192
1 0.186298 0.0661058 0.0697115 0.132212
0 0.408654 0.19351 0.0336538 0.0504808
2 0.34976 0.0817308 0.228365 0.163462
