1 0.622596 0.168269 0.0721154 0.129808
1 0.741587 0.575721 0.103365 0.112981
1 0.75 0.822115 0.100962 0.125
1 0.978365 0.436298 0.0432692 0.132212
1 0.629808 0.03125 0.0961538 0.0576923
1 0.0889423 0.0913462 0.0817308 0.0865385
1 0.491587 0.930288 0.0745192 0.110577
1 0.330529 0.801683 0.0841346 0.117788
0 0.983173 0.953125 0.0336538 0.0456731
1 0.519231 0.314904 0.0817308 0.110577
1 0.0192308 0.953125 0.0384615 0.0889423
1 0.486779 0.675481 0.0649038 0.115385
0 0.877404 0.262019 0.0432692 0.0625
2 0.104567 0.685096 0.194712 0.288462
