1 0.471154 0.467548 0.0721154 0.0745192
1 0.185096 0.566106 0.0721154 0.103365
1 0.239183 0.951923 0.0793269 0.0961538
1 0.497596 0.0456731 0.0721154 0.0769231
1 0.664663 0.911058 0.0697115 0.120192
1 0.0216346 0.435096 0.0384615 0.139423
1 0.417067 0.371394 0.0985577 0.137019
1 0.284856 0.475962 0.0841346 0.134615
1 0.588942 0.951923 0.0817308 0.0913462
1 0.0973558 0.396635 0.09375 0.139423
1 0.0192308 0.228365 0.0384615 0.153846
1 0.413462 0.0673077 0.0673077 0.125
1 0.814904 0.123798 0.0817308 0.127404
0 0.658654 0.19351 0.0384615 0.0552885
0 0.347356 0.260817 0.0408654 0.0552885
1 0.829327 0.850962 0.0817308 0.125
0 0.433894 0.198317 0.0408654 0.0552885
1 0.472356 0.858173 0.0793269 0.110577
1 0.752404 0.852163 0.0865385 0.122596
2 0.477163 0.675481 0.180288 0.25
