1 0.979567 0.36899 0.0408654 0.151442
1 0.984375 0.586538 0.03125 0.144231
1 0.0673077 0.921875 0.0865385 0.132212
1 0.969952 0.954327 0.0600962 0.0913462
1 0.442308 0.0336538 0.100962 0.0625
1 0.0925481 0.602163 0.09375 0.122596
1 0.0276442 0.245192 0.0552885 0.182692
1 0.448317 0.959135 0.0649038 0.0817308
1 0.90625 0.695913 0.120192 0.165865
0 0.407452 0.899038 0.0360577 0.0384615
1 0.641827 0.219952 0.0865385 0.151442
1 0.813702 0.0637019 0.112981 0.117788
1 0.575721 0.0600962 0.132212 0.120192
2 0.325721 0.640625 0.185096 0.170673
2 0.365385 0.800481 0.211538 0.197115
